681993 - total number of tweets collected - October 13th - October 26th - except October 18th

total - 681993
day,tweets
13,76726
14,50378
15,63034
16,101366
17,43891
19,58646
20,51463
21,41633
22,41325
23,30583
24,44806
25,30205
26,47937

rest,151500
streaming,378992

only br
day,tweets
13,79735
14,39473
15,49889
16,78307
17,34183
19,45536
20,40814
21,30992
22,33262
23,24156
24,34738
25,23898
26,36409

unique users per day
13,13945
14,14095
15,18200
16,32363
17,12782
19,15602
20,14352
21,14244
22,10306
23,10216
24,12787
25, 9857
26,20450

total = 199199
